iter: 7180, params: [0.685367, 102.882231, 651.684841, 16.089962], quality: 517.0466486347939

iter: 22509, params: [0.685382, 102.829336, 651.360836, 16.090761], quality: 517.0764008426085